0 1.684644645561
1 1.235548018021
2 1.148199862725
3 1.040830422823
4 0.885027350931
5 0.714114906231
6 0.569191804457
7 0.471177168027
8 0.415095242757
9 0.382565721405
10 0.361977049878
11 0.347973021769
12 0.337760324917
13 0.329253197896
14 0.321698031701
15 0.314873146303
16 0.308564508936
17 0.302604016969
18 0.296885418843
19 0.291331328353
20 0.285870502019
21 0.280418830507
22 0.274848220720
23 0.268956274881
24 0.262603542589
25 0.256326879745
26 0.251297451672
27 0.247303580309
28 0.243549094186
29 0.239860387925
30 0.236224287251
31 0.232637528926
32 0.229097570641
33 0.225601842355
34 0.222147938430
35 0.218734279721
36 0.215359795494
37 0.212023045854
38 0.208722276171
39 0.205455611077
40 0.202220938086
41 0.199016290183
42 0.195839848241
43 0.192689479698
44 0.189562950744
45 0.186458145153
46 0.183372587558
47 0.180303265326
48 0.177246688498
49 0.174198498192
50 0.171153586288
