0 1.684644645561
1 1.235548031020
2 1.148199922108
3 1.040830573799
4 0.885027682398
5 0.714115452743
6 0.569192490185
7 0.471177794690
8 0.415095744166
9 0.382566157767
10 0.361977436786
11 0.347973369496
12 0.337760682388
13 0.329253579158
14 0.321698407794
15 0.314873507018
16 0.308564866161
17 0.302604377934
18 0.296885787706
19 0.291331705652
20 0.285870891648
21 0.280419233583
22 0.274848646716
23 0.268956732237
24 0.262604036964
25 0.256337172681
26 0.251313249814
27 0.247324736770
28 0.243575563772
29 0.239891944899
30 0.236260773404
31 0.232678831077
32 0.229143600131
33 0.225652532337
34 0.222203229771
35 0.218794102386
36 0.215418302823
37 0.212082843306
38 0.208784622647
39 0.205521093542
40 0.202289812857
41 0.199088648976
42 0.195915714551
43 0.192768855775
44 0.189645827262
45 0.186544518263
46 0.183462479966
47 0.180396727718
48 0.177343808075
49 0.174299416735
50 0.171258484761
