0 1.684644645561
1 1.235548017963
2 1.148199862472
3 1.040830422251
4 0.885027349764
5 0.714114904197
6 0.569191801766
7 0.471177165528
8 0.415095240748
9 0.382565719687
10 0.361977048198
11 0.347973019979
12 0.337760322830
13 0.329253195527
14 0.321698029379
15 0.314873144145
16 0.308564506865
17 0.302604014911
18 0.296885416760
19 0.291331326222
20 0.285870499895
21 0.280418828518
22 0.274848218880
23 0.268956273312
24 0.262603541132
25 0.256326877852
26 0.251297449027
27 0.247303577353
28 0.243549091104
29 0.239860384727
30 0.236224283931
31 0.232637525483
32 0.229097567079
33 0.225601838680
34 0.222147934637
35 0.218734275813
36 0.215359791476
37 0.212023041732
38 0.208722271949
39 0.205455606755
40 0.202220933667
41 0.199016285675
42 0.195839843648
43 0.192689475014
44 0.189562945975
45 0.186458140302
46 0.183372582620
47 0.180303260299
48 0.177246683386
49 0.174198492995
50 0.171153581001
