0 0.852506272344
1 0.595239010204
2 0.355191162739
3 0.217346602605
4 0.160914698529
5 0.139273659964
6 0.129877179080
7 0.124639083037
8 0.120866801025
9 0.117645513193
10 0.114635702509
11 0.111697645207
12 0.108768193095
13 0.105814686783
14 0.102820942018
15 0.099777334256
16 0.096677597971
17 0.093517503318
18 0.090294007245
19 0.087004351308
20 0.083645030458
21 0.080210961593
22 0.076695277544
23 0.073089925097
24 0.069386681824
25 0.065577862009
26 0.061655847541
27 0.057614020465
28 0.053435474272
29 0.049105424144
30 0.044602215050
31 0.039901112445
32 0.034973806211
33 0.029782699352
34 0.024277689006
35 0.018382388928
36 0.011982945243
37 0.004896095303
38 -0.003211701183
39 -0.013008829678
40 -0.025770861048
41 -0.042959196374
42 -0.062558721917
43 -0.075383489653
44 -0.078450852874
45 -0.078676404551
46 -0.078684062577
47 -0.078684266595
48 -0.078684271811
49 -0.078684271944
50 -0.078684271947
