0 0.087155981616
1 -0.007711114642
2 -0.009151324580
3 -0.009219183405
4 -0.009386805198
5 -0.009667829318
6 -0.010003376150
7 -0.010354508038
8 -0.010701861537
9 -0.011037376655
10 -0.011358552060
11 -0.011665345174
12 -0.011958674103
13 -0.012239746689
14 -0.012509783990
15 -0.012769909274
16 -0.013021105276
17 -0.013264223215
18 -0.013499994956
19 -0.013729055578
20 -0.013951965122
21 -0.014169218506
22 -0.014381252606
23 -0.014588453715
24 -0.014791166701
25 -0.014989701876
26 -0.015184342928
27 -0.015375351892
28 -0.015562972224
29 -0.015747429999
30 -0.015928934611
31 -0.016107678733
32 -0.016283841491
33 -0.016457589997
34 -0.016629082122
35 -0.016798467971
36 -0.016965890486
37 -0.017131486845
38 -0.017295386651
39 -0.017457712805
40 -0.017618579857
41 -0.017778096123
42 -0.017936363967
43 -0.018093480464
44 -0.018249538558
45 -0.018404627569
46 -0.018558833335
47 -0.018712238015
48 -0.018864920121
49 -0.019016952595
50 -0.019168404950
