0 1.684644645561
1 1.235548017978
2 1.148199862433
3 1.040830421869
4 0.885027348928
5 0.714114902944
6 0.569191800138
7 0.471177163960
8 0.415095239283
9 0.382565718111
10 0.361977046541
11 0.347973018308
12 0.337760320969
13 0.329253193502
14 0.321698027425
15 0.314873142331
16 0.308564505119
17 0.302604013182
18 0.296885415043
19 0.291331324527
20 0.285870498251
21 0.280418826900
22 0.274848217397
23 0.268956271807
24 0.262603539680
25 0.256326876340
26 0.251297447377
27 0.247303575632
28 0.243549089360
29 0.239860382958
30 0.236224282140
31 0.232637523666
32 0.229097565238
33 0.225601836811
34 0.222147932746
35 0.218734273906
36 0.215359789557
37 0.212023039800
38 0.208722270006
39 0.205455604812
40 0.202220931728
41 0.199016283737
42 0.195839841690
43 0.192689473046
44 0.189562943994
45 0.186458138313
46 0.183372580633
47 0.180303258315
48 0.177246681407
49 0.174198490998
50 0.171153579010
