0 1.684644645561
1 1.235548031081
2 1.148199925687
3 1.040830614985
4 0.885027751483
5 0.714115536430
6 0.569192551799
7 0.471177837077
8 0.415095783046
9 0.382566193723
10 0.361977483789
11 0.347973412503
12 0.337760724944
13 0.329253621847
14 0.321698448021
15 0.314873544103
16 0.308564898938
17 0.302604408757
18 0.296885814257
19 0.291331731365
20 0.285870917228
21 0.280419262174
22 0.274848675194
23 0.268956762668
24 0.262604068694
25 0.256337193587
26 0.251313241085
27 0.247324691899
28 0.243575479549
29 0.239891816917
30 0.236260601558
31 0.232678617842
32 0.229143348378
33 0.225652242148
34 0.222202899370
35 0.218793732308
36 0.215423668802
37 0.212091281589
38 0.208794815316
39 0.205526763925
40 0.202293267226
41 0.199091038602
42 0.195917606319
43 0.192770526464
44 0.189647410365
45 0.186546078028
46 0.183464048457
47 0.180398320038
48 0.177345430806
49 0.174301071690
50 0.171260174291
